1.57808
1.48219
0.65479
2.23288
3.27671
0.80274
1.66575
0.94247
1.68767
5.94247
2.34247
0.89863
0.52603
1.82192
0.93425
1.8274
3.35068
8.67397
0.41096
2.7863
2.56438
0.56986
4.3863
5.5726
0.86575
1.15616
3.13151
2.21918
4.59452
2.88219
0.89589
1.76164
2.62192
0.16164
1.52603
5.30959
4.03014
0.87123
0.41644
4.2411
0.13699
7.07671
0.13151
1.29863
1.29041
2.32877
0.56438
5.6274
1.23014
1.51507
5.06301
3.27671
0.65753
0.8411
0.18356
2.62466
2.55616
0.22192
2.33973
0.52329
1.74795
0.6411
0.38356
0.51781
4.4274
0.88493
2.78356
2.64658
0.99726
5.88493
0.41644
0.6411
3.53699
0.27671
0.76986
0.6411
1.14521
2.01644
2.84384
1.27397
2.0411
0.83562
0.92329
0.07397
2.07671
0.34247
2.26849
3.30685
0.36164
1.97808
1.23836
0.10685
4.26575
2.06301
0.50959
0.65753
6.01096
0.33699
0.94795
2.91781
1.11507
1.59726
0.97534
0.84932
1.38356
3.81644
1.00274
1.18082
0.97534
2.16712
1.38356
1.71507
0.79452
0.42466
0.9863
3.8
0.56164
2.67123
1.56712
2.07397
0.33973
3.37808
3.15068
3.20822
0.6274
1.64384
1.40822
1.66301
1.36986
5.46849
0.4274
1.13973
1.73699
0.85205
0.58082
0.43014
1.20822
4.36164
0.52877
2.89863
1.21644
1.13699
1.69589
3.04932
0.72603
0.73425
1.2274
1.47945
0.37808
1.48219
1.40548
0.29041
5.16712
0.53425
3.59726
1.7863
0.70411
4.32877
1.16164
1.41096
0.98904
0.36438
2.12877
0.7726
4.90959
1.26849
0.58082
0.86575
1.41918
0.4411
4.50137
3.92329
0.52603
2.10685
3.39178
